1048
9527
4903
8408
4040
7776
1473
1113
3074
627
6362
4720
9475
5084
3875
6393
2962
9845
9570
3516
577
4274
9847
2704
9057
411
7485
5258
2309
9059
5789
7078
4943
3705
8972
2768
2519
3274
3908
9504
3834
5985
9488
4096
7711
9437
8128
4171
6357
1133
1965
7331
4312
3450
2342
8111
7442
529
1417
8447
2126
9036
6462
9470
4216
1644
6301
4835
1536
276
6208
3508
1661
1717
6995
9080
7470
7122
1591
6918
5003
1535
1942
15
7435
3643
5248
4549
463
119
4932
5719
6907
1746
3371
2042
1125
5202
5279
3045
8694
1521
6345
1993
5181
1538
8455
6827
435
2174
491
7792
1529
3344
9841
2148
3901
121
5369
7446
780
3872
7186
8931
7281
8202
1608
7838
5643
2289
9828
7529
9997
837
2066
5891
9967
8636
944
8510
8706
4727
9650
6587
8097
1602
6322
3541
6179
3287
8228
4694
1596
369
7464
874
6131
1144
7465
430
4495
5309
818
6868
2634
3043
6960
1015
8136
8456
4051
7349
1760
5631
7374
4013
8361
4796
4238
1238
2576
6123
7143
9498
7909
5869
2025
7710
6950
9488
9474
4351
2291
1369
6685
5690
9473
6081
2456
231
5754
6185
4147
6531
4225
9771
7284
7321
7011
2927
888
2109
6249
5703
4676
4565
8106
9128
3961
468
5678
6965
3894
4019
9549
9977
8999
2110
3573
6497
1483
3177
5034
9700
7044
5069
1832
2720
8200
4275
8885
1042
7636
2412
2434
9808
4783
5690
7871
2583
2348
2671
9870
1245
7034
6512
5631
2498
7126
485
4411
9048
7264
992
9869
1804
7211
9079
8314
5136
3661
9424
385
5670
5190
5480
2894
5979
9230
1967
5384
3613
6983
2420
2298
8186
2962
249
6687
9095
1341
3059
3302
6010
106
7520
8037
3333
9963
4644
3050
5920
6680
5058
8445
369
6371
8388
8465
8234
1043
9976
3289
7839
653
9799
8231
3874
754
7522
399
2973
2593
5163
5003
5067
268
1885
2984
964
88
8809
1549
7700
8846
7183
3691
9590
8190
7429
3536
8130
5892
6487
2086
7776
4290
1307
5385
8135
4429
9167
2901
5623
4116
1202
8509
687
5067
2251
504
9660
9926
2154
7622
4719
6288
7114
1281
8938
9532
7295
9439
7127
5906
2321
8403
3524
3307
7045
4723
6783
6072
501
740
3961
7932
7707
8625
4890
8523
5295
539
6050
1178
2202
6506
8471
133
4439
274
5520
5439
9877
7889
1405
6020
3899
100
3536
3979
1273
4057
2508
3399
9398
3248
4824
2381
827
9434
9616
7135
6988
6451
5625
2391
302
6973
7615
7455
1962
3505
5757
7949
3132
7114
4471
8157
5000
1789
7159
3846
7354
2368
35
6046
8216
9836
5944
4409
9126
8541
1445
6189
854
8598
8982
6657
8394
5329
106
6596
5655
6948
2212
8937
3336
2496
8443
7120
4332
7186
2926
6752
6333
6108
7224
8065
686
1470
6987
9382
9872
4974
1308
5015
2129
3623
6475
9452
1009
173
9614
9462
2946
8622
7881
6808
4444
3540
9596
1506
9787
5400
376
7182
2470
5280
8543
5491
7244
4233
8839
5511
7932
5280
3035
1970
5745
9673
9215
6813
5400
3619
5213
889
3312
8755
3281
5197
157
1724
701
9959
265
1473
7498
2067
6056
6913
2732
7417
9798
6129
8480
3233
4511
2215
532
945
5626
6658
1987
823
7843
3287
5116
6755
6260
1383
7215
5516
2959
9260
4931
5282
4186
2626
4662
3779
7784
8434
4594
1319
2224
5289
1161
6374
252
808
1917
8538
6049
7701
9949
3551
3477
9822
5696
8326
9858
1790
9527
7865
6805
4135
7491
6473
2867
6863
6755
9523
9449
8312
9223
3521
303
7511
8182
28
1016
9719
7816
991
9720
230
9009
3959
1379
5164
9947
3479
7470
4315
1998
5785
436
3378
9631
2382
8695
6460
7202
5685
9857
4838
2109
3098
7381
5326
1019
9526
6135
5383
1082
7205
2517
1096
7138
9493
6817
948
1122
7802
572
7076
3112
318
7040
2593
3228
6822
3706
3822
330
352
9762
3937
7226
104
9480
994
238
4105
3933
8876
2567
8816
347
7553
6804
8749
8866
4011
6057
3507
7072
7868
7320
9679
9132
1830
5854
837
6608
3975
1964
9829
256
2541
9104
6157
7067
8199
6160
5320
4189
6252
4659
6340
4558
3204
4684
4481
7787
132
7059
2693
4639
7927
6290
2813
605
5160
8297
9118
7373
8493
9182
2522
9248
2621
1940
1245
738
2257
5143
2983
9756
9016
8994
7796
6642
1701
8717
279
7759
4067
2678
8549
8843
1465
1130
4926
4119
89
8801
9942
5813
7122
1955
7633
6790
9973
3771
7486
9105
9028
7734
1258
9709
9030
7464
1637
3372
824
6219
274
6804
526
2565
1719
1594
5638
6469
549
1885
7037
8121
9249
5021
7067
4064
6753
6742
4602
9303
4498
3293
9636
8786
4038
581
1530
3752
7563
2174
6065
1099
8998
6396
3190
2851
959
3567
7363
5639
6678
8276
6905
7527
4595
5959
7277
9432
1083
8227
3023
7005
799
5400
245
1214
6014
7496
1879
9928
7178
462
2836
5777
8744
6635
1986
1286
9905
574
2322
5827
8998
4879
5985
2205
5136
9753
378
6784
7093
594
5002
1201
7751
2760
2108
5359
2086
2313
7618
2746
9702
1679
3717
3151
8955
9222
4867
8160
6368
156
2584
6093
2759
2788
3432
2209
8651
6534
7864
3499
514
6406
316
5718
5070
1568
3147
9288
6114
5453
9647
2180
4818
4357
3256
6796
2995
5857
5840
9830
7617
6827
9241
9129
1088
5573
6083
1381
7434
4690
4681
5901
1462
6181
907
658
4170
9012
6167
1053
3415
6488
5184
1544
6115
6004
6993
8617
9780
9296
1275
732
1016
2961
2713
6700
7250
1254
3253
4078
8383
5857
6131
9563
5206
1024
2107
2600
7773
3016
9412
4595
7192
5581
7980
7147
9773
9184
5332
5564
3731
4982
2456
7046
2409
5488
5244
8826
2467
7788
5922
8673
7502
6536
7945
3464
405
2558
8431
4283
3596
2240
5638
429
3306
6657
9349
6705
196
8782